  -4.5445860e+00   0.0000000e+00
  -5.0796178e+00   6.5605096e-01
  -4.5828025e+00   4.8407643e-01
  -4.2579618e+00   0.0000000e+00
  -4.6656051e+00  -5.5414013e-01
  -5.0477707e+00  -6.8789809e-01
  -4.0668790e+00  -1.6305732e+00
  -3.8949045e+00  -1.1401274e+00
  -3.5382166e+00   6.3694268e-03
  -3.9394904e+00   1.0382166e+00
  -4.0668790e+00   1.6050955e+00
  -3.2579618e+00   1.9363057e+00
  -3.2133758e+00   1.3821656e+00
  -3.0222930e+00   1.2738854e-02
  -3.1878981e+00  -1.4203822e+00
  -3.2961783e+00  -1.9554140e+00
  -2.4554140e+00  -2.0063694e+00
  -2.4617834e+00  -1.5031847e+00
  -2.4235669e+00  -6.3694268e-03
  -2.4490446e+00   1.4458599e+00
  -2.4490446e+00   2.0382166e+00
