  -4.5445860e+00  -6.3694268e-03
  -5.0350318e+00   7.7070064e-01
  -4.5382166e+00   5.6050955e-01
  -4.1242038e+00   0.0000000e+00
  -4.5764331e+00  -5.9235669e-01
  -4.9904459e+00  -7.8980892e-01
  -4.0031847e+00  -1.6942675e+00
  -3.8312102e+00  -1.1464968e+00
  -3.4936306e+00   3.1847134e-02
  -3.8121019e+00   1.1337580e+00
  -3.9904459e+00   1.6942675e+00
  -3.2133758e+00   1.9872611e+00
  -3.1369427e+00   1.3312102e+00
  -2.9777070e+00   6.3694268e-03
  -3.1496815e+00  -1.4140127e+00
  -3.2133758e+00  -2.0063694e+00
  -2.4490446e+00  -2.0573248e+00
  -2.4490446e+00  -1.4649682e+00
  -2.4363057e+00   1.9108280e-02
  -2.4426752e+00   1.4713376e+00
  -2.4490446e+00   2.0382166e+00
