  -4.5509554e+00  -6.3694268e-03
  -4.9331210e+00   9.2356688e-01
  -4.5382166e+00   6.4331210e-01
  -4.0796178e+00  -6.3694268e-03
  -4.5127389e+00  -6.3057325e-01
  -4.9331210e+00  -9.1719745e-01
  -3.9585987e+00  -1.7133758e+00
  -3.7929936e+00  -1.1528662e+00
  -3.4681529e+00   3.8216561e-02
  -3.8057325e+00   1.2292994e+00
  -3.9649682e+00   1.7070064e+00
  -3.1815287e+00   1.9745223e+00
  -3.1305732e+00   1.3821656e+00
  -2.9458599e+00   6.3694268e-03
  -3.1178344e+00  -1.4076433e+00
  -3.1815287e+00  -1.9808917e+00
  -2.4426752e+00  -2.0445860e+00
  -2.4490446e+00  -1.4522293e+00
  -2.4235669e+00   1.2738854e-02
  -2.4490446e+00   1.4585987e+00
  -2.4363057e+00   2.0509554e+00
