  -3.8312102e+00   0.0000000e+00
  -4.0732484e+00   3.4394904e-01
  -3.7866242e+00   2.9936306e-01
  -3.5828025e+00   0.0000000e+00
  -3.7738854e+00  -2.9299363e-01
  -4.0605096e+00  -3.3757962e-01
  -3.6783439e+00  -8.9808917e-01
  -3.4044586e+00  -6.4968153e-01
  -3.1751592e+00   4.4585987e-02
  -3.4235669e+00   6.3057325e-01
  -3.6783439e+00   9.1082803e-01
  -3.1305732e+00   1.2993631e+00
  -2.9458599e+00   8.7898089e-01
  -2.7738854e+00   2.5477707e-02
  -2.9713376e+00  -8.9171975e-01
  -3.1369427e+00  -1.2993631e+00
  -2.4745223e+00  -1.5350318e+00
  -2.3917197e+00  -1.0382166e+00
  -2.3280255e+00   1.2738854e-02
  -2.3917197e+00   1.0573248e+00
  -2.4681529e+00   1.5477707e+00
